magazin: Leclerc roques 
date: 1730712264880
latitude:43.513513513513516
longitude:1.3664845489110617